image_width: 640
image_height: 480
camera_name: default_cam
# 카메라 내부 파라미터
# [ fx  0  cx
#   fy  0  cy  
#    0  0   1 ]
# fx, fy: 초점거리
# cx, cy: 이미지 중심점
# 3D 좌표를 이미지 픽셀 좌표로 투영할 때 사용
camera_matrix:
  rows: 3
  cols: 3
  data: [666.2638,   0.0,      341.1153,
           0.0,      665.4206,  223.25648,
           0.0,        0.0,       1.0]
distortion_model: plumb_bob
# distortion_coefficients = 랜즈 왜곡 계수. 
distortion_coefficients:
  rows: 1
  cols: 5
  data: [-0.512903, 0.277946, 0.000038, 0.000995, 0.000000]
rectification_matrix:
  rows: 3
  cols: 3
  data: [1., 0., 0.,
         0., 1., 0.,
         0., 0., 1.]
projection_matrix:
  rows: 3
  cols: 4
  data: [576.41394,   0.0,       347.99586,   0.0,
           0.0,      615.60425,  220.11098,   0.0,
           0.0,        0.0,        1.0,        0.0]
